246933.7882,435684.5997,0.0000
246934.7543,435684.8580,0.0000
246935.7206,435685.1153,0.0000
246936.6872,435685.3716,0.0000
246937.6541,435685.6269,0.0000
246938.6212,435685.8812,0.0000
246939.5885,435686.1347,0.0000
246940.5562,435686.3871,0.0000
246941.5240,435686.6385,0.0000
246942.4921,435686.8891,0.0000
246943.4604,435687.1389,0.0000
246944.4289,435687.3878,0.0000
246945.3977,435687.6358,0.0000
246946.3667,435687.8830,0.0000
246947.3358,435688.1294,0.0000
246948.3052,435688.3752,0.0000
246949.2747,435688.6201,0.0000
246950.2444,435688.8643,0.0000
246951.2143,435689.1078,0.0000
246952.1844,435689.3506,0.0000
246953.1546,435689.5929,0.0000
246954.1250,435689.8345,0.0000
246955.0955,435690.0755,0.0000
246956.0662,435690.3159,0.0000
246957.0370,435690.5558,0.0000
246958.0079,435690.7952,0.0000
246958.9790,435691.0341,0.0000
246959.9501,435691.2724,0.0000
246960.9214,435691.5103,0.0000
246961.8928,435691.7477,0.0000
246962.8643,435691.9848,0.0000
246963.8359,435692.2215,0.0000
246964.8076,435692.4577,0.0000
246965.7794,435692.6936,0.0000
246966.7513,435692.9292,0.0000
246967.7232,435693.1644,0.0000
246968.6952,435693.3994,0.0000
246969.6673,435693.6340,0.0000
246970.6394,435693.8683,0.0000
246971.6117,435694.1024,0.0000
246972.5839,435694.3362,0.0000
246973.5563,435694.5698,0.0000
246974.5287,435694.8032,0.0000
246975.5011,435695.0364,0.0000
246976.4736,435695.2694,0.0000
246977.4461,435695.5022,0.0000
246978.4186,435695.7350,0.0000
246979.3912,435695.9675,0.0000
246980.3638,435696.1999,0.0000
246981.3364,435696.4323,0.0000
246982.3091,435696.6647,0.0000
246983.2817,435696.8970,0.0000
246984.2544,435697.1292,0.0000
246985.2270,435697.3615,0.0000
246986.1997,435697.5937,0.0000
246987.1723,435697.8261,0.0000
246988.1449,435698.0586,0.0000
246989.1175,435698.2911,0.0000
246990.0901,435698.5237,0.0000
246991.0626,435698.7565,0.0000
246992.0351,435698.9896,0.0000
246993.0075,435699.2228,0.0000
246993.9799,435699.4562,0.0000
246994.9522,435699.6899,0.0000
246995.9244,435699.9238,0.0000
246996.8966,435700.1581,0.0000
246997.8687,435700.3928,0.0000
246998.8407,435700.6277,0.0000
246999.8126,435700.8630,0.0000
247000.7844,435701.0987,0.0000
247001.7561,435701.3349,0.0000
247002.7277,435701.5715,0.0000
247003.6992,435701.8086,0.0000
247004.6706,435702.0461,0.0000
247005.6419,435702.2841,0.0000
247006.6130,435702.5228,0.0000
247007.5840,435702.7620,0.0000
247008.5548,435703.0017,0.0000
247009.5255,435703.2419,0.0000
247010.4961,435703.4828,0.0000
247011.4664,435703.7245,0.0000
247012.4366,435703.9667,0.0000
247013.4067,435704.2096,0.0000
247014.3766,435704.4532,0.0000
247015.3463,435704.6975,0.0000
247016.3158,435704.9426,0.0000
247017.2851,435705.1885,0.0000
247018.2542,435705.4352,0.0000
247019.2231,435705.6826,0.0000
247020.1918,435705.9308,0.0000
247021.1602,435706.1800,0.0000
247022.1284,435706.4301,0.0000
247023.0965,435706.6810,0.0000
247024.0642,435706.9328,0.0000
247025.0318,435707.1856,0.0000
247025.9990,435707.4394,0.0000
247026.9660,435707.6942,0.0000
247027.9328,435707.9499,0.0000
247028.8992,435708.2067,0.0000
247029.8654,435708.4644,0.0000
247030.8313,435708.7234,0.0000
247031.7970,435708.9834,0.0000
247032.7623,435709.2444,0.0000
247033.7273,435709.5065,0.0000
247034.6920,435709.7698,0.0000
247035.6564,435710.0343,0.0000
247036.6205,435710.3000,0.0000
247037.5842,435710.5667,0.0000
247038.5477,435710.8347,0.0000
247039.5108,435711.1039,0.0000
247040.4735,435711.3743,0.0000
247041.4359,435711.6460,0.0000
247042.3979,435711.9189,0.0000
247043.3596,435712.1931,0.0000
247044.3209,435712.4685,0.0000
247045.2819,435712.7452,0.0000
247046.2425,435713.0232,0.0000
247047.2027,435713.3025,0.0000
247048.1625,435713.5831,0.0000
247049.1219,435713.8650,0.0000
247050.0810,435714.1482,0.0000
247051.0397,435714.4328,0.0000
247051.9979,435714.7187,0.0000
247052.9558,435715.0059,0.0000
247053.9132,435715.2945,0.0000
247054.8703,435715.5844,0.0000
247055.8269,435715.8757,0.0000
247056.7831,435716.1683,0.0000
247057.7390,435716.4623,0.0000
247058.6943,435716.7577,0.0000
247059.6493,435717.0545,0.0000
247060.6038,435717.3527,0.0000
247061.5579,435717.6522,0.0000
247062.5115,435717.9532,0.0000
247063.4647,435718.2556,0.0000
247064.4174,435718.5594,0.0000
247065.3697,435718.8646,0.0000
247066.3215,435719.1713,0.0000
247067.2729,435719.4794,0.0000
247068.2237,435719.7890,0.0000
247069.1741,435720.1000,0.0000
247070.1241,435720.4125,0.0000
247071.0735,435720.7264,0.0000
247072.0225,435721.0418,0.0000
247072.9709,435721.3587,0.0000
247073.9189,435721.6770,0.0000
247074.8664,435721.9967,0.0000
247075.8134,435722.3180,0.0000
247076.7600,435722.6406,0.0000
247077.7060,435722.9647,0.0000
247078.6515,435723.2901,0.0000
247079.5966,435723.6170,0.0000
247080.5412,435723.9453,0.0000
247081.4853,435724.2749,0.0000
247082.4289,435724.6059,0.0000
247083.3721,435724.9383,0.0000
247084.3148,435725.2719,0.0000
247085.2570,435725.6069,0.0000
247086.1988,435725.9432,0.0000
247087.1401,435726.2808,0.0000
247088.0809,435726.6196,0.0000
247089.0213,435726.9597,0.0000
247089.9613,435727.3010,0.0000
247090.9007,435727.6436,0.0000
247091.8397,435727.9875,0.0000
247092.7783,435728.3326,0.0000
247093.7164,435728.6789,0.0000
247094.6541,435729.0265,0.0000
247095.5912,435729.3754,0.0000
247096.5279,435729.7255,0.0000
247097.4641,435730.0770,0.0000
247098.3999,435730.4297,0.0000
247099.3351,435730.7837,0.0000
247100.2699,435731.1390,0.0000
247101.2041,435731.4957,0.0000
247102.1378,435731.8537,0.0000
247103.0710,435732.2131,0.0000
247104.0037,435732.5738,0.0000
247104.9358,435732.9359,0.0000
247105.8674,435733.2994,0.0000
247106.7985,435733.6643,0.0000
247107.7290,435734.0306,0.0000
247108.6589,435734.3983,0.0000
247109.5883,435734.7674,0.0000
247110.5171,435735.1379,0.0000
247111.4454,435735.5098,0.0000
247112.3731,435735.8831,0.0000
247113.3002,435736.2578,0.0000
247114.2268,435736.6339,0.0000
247115.1528,435737.0114,0.0000
247116.0783,435737.3901,0.0000
247117.0033,435737.7703,0.0000
247117.9276,435738.1518,0.0000
247118.8514,435738.5346,0.0000
247119.7747,435738.9188,0.0000
247120.6975,435739.3042,0.0000
247121.6197,435739.6908,0.0000
247122.5414,435740.0788,0.0000
247123.4625,435740.4680,0.0000
247124.3831,435740.8585,0.0000
247125.3032,435741.2502,0.0000
247126.2228,435741.6431,0.0000
247127.1419,435742.0372,0.0000
247128.0604,435742.4325,0.0000
247128.9784,435742.8290,0.0000
247129.8959,435743.2267,0.0000
247130.8129,435743.6256,0.0000
247131.7294,435744.0257,0.0000
247132.6454,435744.4270,0.0000
247133.5608,435744.8294,0.0000
247134.4758,435745.2330,0.0000
247135.3902,435745.6378,0.0000
247136.3041,435746.0437,0.0000
247137.2175,435746.4508,0.0000
247138.1303,435746.8591,0.0000
247139.0426,435747.2686,0.0000
247139.9545,435747.6792,0.0000
247140.8657,435748.0910,0.0000
247141.7765,435748.5039,0.0000
247142.6867,435748.9180,0.0000
247143.5964,435749.3333,0.0000
247144.5056,435749.7497,0.0000
247145.4142,435750.1673,0.0000
247146.3224,435750.5860,0.0000
247147.2299,435751.0059,0.0000
247148.1370,435751.4269,0.0000
247149.0435,435751.8490,0.0000
247149.9495,435752.2723,0.0000
247150.8550,435752.6967,0.0000
247151.7599,435753.1222,0.0000
247152.6644,435753.5489,0.0000
247153.5683,435753.9766,0.0000
247154.4716,435754.4055,0.0000
247155.3745,435754.8355,0.0000
247156.2768,435755.2666,0.0000
247157.1786,435755.6987,0.0000
247158.0798,435756.1320,0.0000
247158.9806,435756.5664,0.0000
247159.8808,435757.0019,0.0000
247160.7804,435757.4384,0.0000
247161.6796,435757.8761,0.0000
247162.5782,435758.3148,0.0000
247163.4763,435758.7546,0.0000
247164.3739,435759.1955,0.0000
247165.2709,435759.6375,0.0000
247166.1674,435760.0805,0.0000
247167.0633,435760.5247,0.0000
247167.9587,435760.9699,0.0000
247168.8536,435761.4162,0.0000
247169.7479,435761.8636,0.0000
247170.6417,435762.3121,0.0000
247171.5350,435762.7617,0.0000
247172.4277,435763.2123,0.0000
247173.3199,435763.6640,0.0000
247174.2115,435764.1168,0.0000
247175.1026,435764.5707,0.0000
247175.9931,435765.0256,0.0000
247176.8830,435765.4816,0.0000
247177.7725,435765.9387,0.0000
247178.6613,435766.3969,0.0000
247179.5496,435766.8561,0.0000
247180.4374,435767.3165,0.0000
247181.3246,435767.7778,0.0000
247182.2112,435768.2403,0.0000
247183.0973,435768.7038,0.0000
247183.9828,435769.1684,0.0000
247184.8678,435769.6341,0.0000
247185.7522,435770.1008,0.0000
247186.6360,435770.5686,0.0000
247187.5193,435771.0375,0.0000
247188.4020,435771.5074,0.0000
247189.2841,435771.9784,0.0000
247190.1657,435772.4505,0.0000
247191.0467,435772.9236,0.0000
247191.9271,435773.3978,0.0000
247192.8070,435773.8731,0.0000
247193.6862,435774.3494,0.0000
247194.5649,435774.8268,0.0000
247195.4430,435775.3052,0.0000
247196.3206,435775.7847,0.0000
247197.1975,435776.2653,0.0000
247198.0739,435776.7470,0.0000
247198.9497,435777.2297,0.0000
247199.8249,435777.7135,0.0000
247200.6995,435778.1983,0.0000
247201.5735,435778.6842,0.0000
247202.4469,435779.1712,0.0000
247203.3197,435779.6592,0.0000
247204.1919,435780.1484,0.0000
247205.0635,435780.6385,0.0000
247205.9346,435781.1298,0.0000
247206.8050,435781.6221,0.0000
247207.6748,435782.1155,0.0000
247208.5440,435782.6099,0.0000
247209.4126,435783.1054,0.0000
247210.2806,435783.6020,0.0000
247211.1480,435784.0996,0.0000
247212.0148,435784.5983,0.0000
247212.8809,435785.0981,0.0000
247213.7465,435785.5989,0.0000
247214.6114,435786.1008,0.0000
247215.4757,435786.6037,0.0000
247216.3394,435787.1077,0.0000
247217.2025,435787.6128,0.0000
247218.0650,435788.1189,0.0000
247218.9268,435788.6261,0.0000
247219.7881,435789.1343,0.0000
247220.6487,435789.6436,0.0000
247221.5086,435790.1539,0.0000
247222.3680,435790.6653,0.0000
247223.2267,435791.1777,0.0000
247224.0849,435791.6912,0.0000
247224.9423,435792.2057,0.0000
247225.7992,435792.7212,0.0000
247226.6554,435793.2378,0.0000
247227.5110,435793.7554,0.0000
247228.3660,435794.2741,0.0000
247229.2203,435794.7938,0.0000
247230.0740,435795.3146,0.0000
247230.9271,435795.8364,0.0000
247231.7795,435796.3592,0.0000
247232.6313,435796.8831,0.0000
247233.4825,435797.4081,0.0000
247234.3330,435797.9340,0.0000
247235.1828,435798.4611,0.0000
247236.0320,435798.9892,0.0000
247236.8805,435799.5183,0.0000
247237.7284,435800.0485,0.0000
247238.5756,435800.5797,0.0000
247239.4222,435801.1120,0.0000
247240.2680,435801.6454,0.0000
247241.1132,435802.1799,0.0000
247241.9578,435802.7154,0.0000
247242.8016,435803.2520,0.0000
247243.6448,435803.7897,0.0000
247244.4872,435804.3285,0.0000
247245.3289,435804.8683,0.0000
247246.1700,435805.4093,0.0000
247247.0103,435805.9513,0.0000
247247.8500,435806.4945,0.0000
247248.6889,435807.0388,0.0000
247249.5270,435807.5842,0.0000
247250.3645,435808.1308,0.0000
247251.2012,435808.6784,0.0000
247252.0371,435809.2272,0.0000
247252.8723,435809.7771,0.0000
247253.7068,435810.3282,0.0000
247254.5405,435810.8804,0.0000
247255.3734,435811.4338,0.0000
247256.2056,435811.9883,0.0000
247257.0370,435812.5440,0.0000
247257.8676,435813.1008,0.0000
247258.6974,435813.6588,0.0000
247259.5265,435814.2180,0.0000
247260.3548,435814.7784,0.0000
247261.1822,435815.3399,0.0000
247262.0089,435815.9026,0.0000
247262.8347,435816.4665,0.0000
247263.6598,435817.0315,0.0000
247264.4841,435817.5977,0.0000
247265.3075,435818.1651,0.0000
247266.1301,435818.7337,0.0000
247266.9519,435819.3035,0.0000
247267.7730,435819.8744,0.0000
247268.5931,435820.4465,0.0000
247269.4125,435821.0197,0.0000
247270.2311,435821.5941,0.0000
247271.0488,435822.1697,0.0000
247271.8657,435822.7465,0.0000
247272.6818,435823.3244,0.0000
247273.4971,435823.9035,0.0000
247274.3115,435824.4838,0.0000
247275.1251,435825.0652,0.0000
247275.9379,435825.6477,0.0000
247276.7499,435826.2315,0.0000
247277.5610,435826.8163,0.0000
247278.3713,435827.4023,0.0000
247279.1808,435827.9895,0.0000
247279.9894,435828.5778,0.0000
247280.7972,435829.1673,0.0000
247281.6041,435829.7579,0.0000
247282.4103,435830.3496,0.0000
247283.2155,435830.9425,0.0000
247284.0200,435831.5366,0.0000
247284.8236,435832.1318,0.0000
247285.6263,435832.7281,0.0000
247286.4282,435833.3255,0.0000
247287.2293,435833.9241,0.0000
247288.0295,435834.5238,0.0000
247288.8289,435835.1246,0.0000
247289.6274,435835.7266,0.0000
247290.4251,435836.3297,0.0000
247291.2219,435836.9339,0.0000
247292.0178,435837.5393,0.0000
247292.8129,435838.1458,0.0000
247293.6072,435838.7534,0.0000
247294.4005,435839.3621,0.0000
247295.1930,435839.9720,0.0000
247295.9847,435840.5830,0.0000
247296.7755,435841.1951,0.0000
247297.5654,435841.8083,0.0000
247298.3544,435842.4227,0.0000
247299.1426,435843.0381,0.0000
247299.9298,435843.6547,0.0000
247300.7162,435844.2725,0.0000
247301.5017,435844.8913,0.0000
247302.2863,435845.5113,0.0000
247303.0700,435846.1325,0.0000
247303.8529,435846.7547,0.0000
247304.6348,435847.3781,0.0000
247305.4158,435848.0026,0.0000
247306.1959,435848.6282,0.0000
247306.9751,435849.2550,0.0000
247307.7534,435849.8829,0.0000
247308.5308,435850.5119,0.0000
247309.3072,435851.1421,0.0000
247310.0828,435851.7734,0.0000
247310.8574,435852.4058,0.0000
247311.6311,435853.0394,0.0000
247312.4039,435853.6741,0.0000
247313.1757,435854.3099,0.0000
247313.9466,435854.9468,0.0000
247314.7166,435855.5849,0.0000
247315.4857,435856.2240,0.0000
247316.2538,435856.8643,0.0000
247317.0211,435857.5057,0.0000
247317.7873,435858.1482,0.0000
247318.5527,435858.7918,0.0000
247319.3171,435859.4365,0.0000
247320.0806,435860.0823,0.0000
247320.8432,435860.7292,0.0000
247321.6049,435861.3772,0.0000
247322.3656,435862.0263,0.0000
247323.1254,435862.6764,0.0000
247323.8842,435863.3277,0.0000
247324.6422,435863.9800,0.0000
247325.3992,435864.6334,0.0000
247326.1553,435865.2879,0.0000
247326.9105,435865.9434,0.0000
247327.6647,435866.6000,0.0000
247328.4180,435867.2576,0.0000
247329.1704,435867.9164,0.0000
247329.9219,435868.5761,0.0000
247330.6724,435869.2370,0.0000
247331.4220,435869.8988,0.0000
247332.1707,435870.5618,0.0000
247332.9185,435871.2257,0.0000
247333.6653,435871.8908,0.0000
247334.4112,435872.5568,0.0000
247335.1562,435873.2239,0.0000
247335.9002,435873.8920,0.0000
247336.6433,435874.5612,0.0000
247337.3855,435875.2314,0.0000
247338.1267,435875.9027,0.0000
247338.8670,435876.5749,0.0000
247339.6064,435877.2482,0.0000
247340.3448,435877.9226,0.0000
247341.0823,435878.5980,0.0000
247341.8188,435879.2744,0.0000
247342.5544,435879.9518,0.0000
247343.2890,435880.6303,0.0000
247344.0227,435881.3098,0.0000
247344.7554,435881.9904,0.0000
247345.4871,435882.6720,0.0000
247346.2179,435883.3546,0.0000
247346.9477,435884.0383,0.0000
247347.6765,435884.7230,0.0000
247348.4043,435885.4087,0.0000
247349.1311,435886.0955,0.0000
247349.8570,435886.7834,0.0000
247350.5819,435887.4723,0.0000
247351.3057,435888.1622,0.0000
247352.0286,435888.8532,0.0000
247352.7505,435889.5452,0.0000
247353.4713,435890.2383,0.0000
247354.1912,435890.9324,0.0000
247354.9101,435891.6275,0.0000
247355.6279,435892.3237,0.0000
247356.3448,435893.0209,0.0000
247357.0607,435893.7192,0.0000
247357.7755,435894.4184,0.0000
247358.4894,435895.1187,0.0000
247359.2023,435895.8200,0.0000
247359.9141,435896.5223,0.0000
247360.6250,435897.2257,0.0000
247361.3349,435897.9300,0.0000
247362.0438,435898.6353,0.0000
247362.7517,435899.3416,0.0000
247363.4586,435900.0489,0.0000
247364.1645,435900.7572,0.0000
247364.8694,435901.4665,0.0000
247365.5734,435902.1768,0.0000
247366.2763,435902.8880,0.0000
247366.9783,435903.6002,0.0000
247367.6793,435904.3134,0.0000
247368.3793,435905.0275,0.0000
247369.0783,435905.7427,0.0000
247369.7763,435906.4587,0.0000
247370.4733,435907.1758,0.0000
247371.1693,435907.8938,0.0000
247371.8643,435908.6128,0.0000
247372.5583,435909.3328,0.0000
247373.2513,435910.0537,0.0000
247373.9433,435910.7756,0.0000
247374.6343,435911.4985,0.0000
247375.3243,435912.2223,0.0000
247376.0132,435912.9471,0.0000
247376.7012,435913.6729,0.0000
247377.3881,435914.3996,0.0000
247378.0740,435915.1273,0.0000
247378.7589,435915.8560,0.0000
247379.4427,435916.5856,0.0000
247380.1256,435917.3162,0.0000
247380.8074,435918.0477,0.0000
247381.4881,435918.7802,0.0000
247382.1679,435919.5137,0.0000
247382.8466,435920.2481,0.0000
247383.5242,435920.9835,0.0000
247384.2009,435921.7198,0.0000
247384.8765,435922.4570,0.0000
247385.5511,435923.1952,0.0000
247386.2246,435923.9344,0.0000
247386.8971,435924.6745,0.0000
247387.5686,435925.4155,0.0000
247388.2391,435926.1574,0.0000
247388.9085,435926.9003,0.0000
247389.5769,435927.6441,0.0000
247390.2442,435928.3889,0.0000
247390.9105,435929.1345,0.0000
247391.5758,435929.8811,0.0000
247392.2401,435930.6286,0.0000
247392.9033,435931.3771,0.0000
247393.5655,435932.1264,0.0000
247394.2266,435932.8767,0.0000
247394.8867,435933.6279,0.0000
247395.5458,435934.3799,0.0000
247396.2038,435935.1329,0.0000
247396.8608,435935.8868,0.0000
247397.5168,435936.6416,0.0000
247398.1717,435937.3973,0.0000
247398.8256,435938.1539,0.0000
247399.4785,435938.9113,0.0000
247400.1303,435939.6697,0.0000
247400.7811,435940.4290,0.0000
247401.4308,435941.1891,0.0000
247402.0796,435941.9502,0.0000
247402.7272,435942.7121,0.0000
247403.3739,435943.4749,0.0000
247404.0195,435944.2385,0.0000
247404.6640,435945.0031,0.0000
247405.3076,435945.7685,0.0000
247405.9501,435946.5348,0.0000
247406.5915,435947.3020,0.0000
247407.2319,435948.0700,0.0000
247407.8713,435948.8389,0.0000
247408.5096,435949.6086,0.0000
247409.1469,435950.3793,0.0000
247409.7832,435951.1508,0.0000
247410.4184,435951.9231,0.0000
247411.0525,435952.6963,0.0000
247411.6856,435953.4704,0.0000
247412.3177,435954.2453,0.0000
247412.9487,435955.0211,0.0000
247413.5786,435955.7978,0.0000
247414.2075,435956.5753,0.0000
247414.8353,435957.3536,0.0000
247415.4620,435958.1328,0.0000
247416.0877,435958.9129,0.0000
247416.7123,435959.6938,0.0000
247417.3359,435960.4756,0.0000
247417.9584,435961.2583,0.0000
247418.5798,435962.0418,0.0000
247419.2001,435962.8261,0.0000
247419.8193,435963.6113,0.0000
247420.4375,435964.3974,0.0000
247421.0545,435965.1843,0.0000
247421.6705,435965.9720,0.0000
247422.2854,435966.7606,0.0000
247422.8992,435967.5501,0.0000
247423.5120,435968.3404,0.0000
247424.1236,435969.1315,0.0000
247424.7342,435969.9235,0.0000
247425.3437,435970.7163,0.0000
247425.9521,435971.5099,0.0000
247426.5594,435972.3044,0.0000
247427.1656,435973.0997,0.0000
247427.7708,435973.8958,0.0000
247428.3748,435974.6927,0.0000
247428.9778,435975.4905,0.0000
247429.5797,435976.2890,0.0000
247430.1806,435977.0884,0.0000
247430.7804,435977.8885,0.0000
247431.3791,435978.6895,0.0000
247431.9768,435979.4912,0.0000
247432.5734,435980.2937,0.0000
247433.1690,435981.0970,0.0000
247433.7635,435981.9011,0.0000
247434.3570,435982.7060,0.0000
247434.9494,435983.5116,0.0000
247435.5408,435984.3180,0.0000
247436.1311,435985.1251,0.0000
247436.7205,435985.9330,0.0000
247437.3088,435986.7417,0.0000
247437.8960,435987.5511,0.0000
247438.4823,435988.3612,0.0000
247439.0675,435989.1721,0.0000
247439.6517,435989.9837,0.0000
247440.2348,435990.7960,0.0000
247440.8170,435991.6091,0.0000
247441.3981,435992.4229,0.0000
247441.9782,435993.2375,0.0000
247442.5573,435994.0527,0.0000
247443.1354,435994.8687,0.0000
247443.7124,435995.6854,0.0000
247444.2885,435996.5029,0.0000
247444.8635,435997.3210,0.0000
247445.4375,435998.1399,0.0000
247446.0105,435998.9594,0.0000
247446.5825,435999.7797,0.0000
247447.1535,436000.6006,0.0000
247447.7234,436001.4223,0.0000
247448.2924,436002.2447,0.0000
247448.8604,436003.0677,0.0000
247449.4274,436003.8914,0.0000
247449.9934,436004.7158,0.0000
247450.5584,436005.5409,0.0000
247451.1224,436006.3667,0.0000
247451.6855,436007.1931,0.0000
247452.2476,436008.0202,0.0000
247452.8087,436008.8479,0.0000
247453.3688,436009.6763,0.0000
247453.9280,436010.5053,0.0000
247454.4862,436011.3350,0.0000
247455.0435,436012.1654,0.0000
247455.5998,436012.9963,0.0000
247456.1552,436013.8279,0.0000
247456.7097,436014.6601,0.0000
247457.2632,436015.4930,0.0000
247457.8157,436016.3265,0.0000
247458.3673,436017.1606,0.0000
247458.9180,436017.9953,0.0000
247459.4677,436018.8306,0.0000
247460.0165,436019.6666,0.0000
247460.5644,436020.5032,0.0000
247461.1113,436021.3403,0.0000
247461.6573,436022.1782,0.0000
247462.2023,436023.0166,0.0000
247462.7464,436023.8556,0.0000
247463.2895,436024.6952,0.0000
247463.8317,436025.5355,0.0000
247464.3729,436026.3764,0.0000
247464.9132,436027.2179,0.0000
247465.4525,436028.0600,0.0000
247465.9909,436028.9027,0.0000
247466.5283,436029.7460,0.0000
247467.0647,436030.5900,0.0000
247467.6002,436031.4345,0.0000
247468.1347,436032.2797,0.0000
247468.6683,436033.1254,0.0000
247469.2008,436033.9718,0.0000
247469.7325,436034.8188,0.0000
247470.2631,436035.6664,0.0000
247470.7928,436036.5146,0.0000
247471.3215,436037.3634,0.0000
247471.8493,436038.2128,0.0000
247472.3761,436039.0628,0.0000
247472.9019,436039.9133,0.0000
247473.4268,436040.7645,0.0000
247473.9507,436041.6163,0.0000
247474.4737,436042.4686,0.0000
247474.9957,436043.3216,0.0000
247475.5168,436044.1751,0.0000
247476.0369,436045.0292,0.0000
247476.5561,436045.8839,0.0000
247477.0743,436046.7391,0.0000
247477.5915,436047.5949,0.0000
247478.1079,436048.4513,0.0000
247478.6232,436049.3083,0.0000
247479.1377,436050.1658,0.0000
247479.6512,436051.0239,0.0000
247480.1637,436051.8826,0.0000
247480.6753,436052.7418,0.0000
247481.1859,436053.6016,0.0000
247481.6956,436054.4620,0.0000
247482.2044,436055.3229,0.0000
247482.7121,436056.1844,0.0000
247483.2189,436057.0464,0.0000
247483.7248,436057.9090,0.0000
247484.2297,436058.7722,0.0000
247484.7337,436059.6360,0.0000
247485.2366,436060.5003,0.0000
247485.7386,436061.3651,0.0000
247486.2397,436062.2305,0.0000
247486.7397,436063.0965,0.0000
247487.2388,436063.9631,0.0000
247487.7370,436064.8302,0.0000
247488.2341,436065.6978,0.0000
247488.7303,436066.5661,0.0000
247489.2255,436067.4349,0.0000
247489.7197,436068.3042,0.0000
247490.2129,436069.1741,0.0000
247490.7052,436070.0445,0.0000
247491.1965,436070.9155,0.0000
247491.6868,436071.7871,0.0000
247492.1761,436072.6592,0.0000
247492.6644,436073.5318,0.0000
247493.1518,436074.4050,0.0000
247493.6382,436075.2788,0.0000
247494.1236,436076.1531,0.0000
247494.6080,436077.0279,0.0000
247495.0915,436077.9033,0.0000
247495.5740,436078.7792,0.0000
247496.0555,436079.6556,0.0000
247496.5360,436080.5326,0.0000
247497.0156,436081.4101,0.0000
247497.4941,436082.2882,0.0000
247497.9717,436083.1668,0.0000
247498.4483,436084.0459,0.0000
247498.9239,436084.9255,0.0000
247499.3985,436085.8057,0.0000
247499.8721,436086.6864,0.0000
247500.3448,436087.5677,0.0000
247500.8164,436088.4495,0.0000
247501.2871,436089.3318,0.0000
247501.7567,436090.2147,0.0000
247502.2254,436091.0980,0.0000
247502.6931,436091.9819,0.0000
247503.1597,436092.8664,0.0000
247503.6254,436093.7514,0.0000
247504.0900,436094.6368,0.0000
247504.5537,436095.5229,0.0000
247505.0163,436096.4094,0.0000
247505.4780,436097.2965,0.0000
247505.9386,436098.1841,0.0000
247506.3982,436099.0722,0.0000
247506.8569,436099.9608,0.0000
247507.3145,436100.8499,0.0000
247507.7711,436101.7396,0.0000
247508.2267,436102.6298,0.0000
247508.6813,436103.5205,0.0000
247509.1349,436104.4117,0.0000
247509.5874,436105.3034,0.0000
247510.0390,436106.1957,0.0000
247510.4895,436107.0884,0.0000
247510.9390,436107.9817,0.0000
247511.3875,436108.8755,0.0000
247511.8350,436109.7698,0.0000
247512.2814,436110.6646,0.0000
247512.7269,436111.5599,0.0000
247513.1712,436112.4558,0.0000
247513.6145,436113.3522,0.0000
247514.0568,436114.2490,0.0000
247514.4980,436115.1464,0.0000
247514.9381,436116.0444,0.0000
247515.3772,436116.9428,0.0000
247515.8152,436117.8418,0.0000
247516.2521,436118.7413,0.0000
247516.6879,436119.6414,0.0000
247517.1226,436120.5419,0.0000
247517.5562,436121.4431,0.0000
247517.9886,436122.3447,0.0000
247518.4199,436123.2469,0.0000
247518.8501,436124.1497,0.0000
247519.2792,436125.0529,0.0000
247519.7071,436125.9568,0.0000
247520.1338,436126.8611,0.0000
247520.5594,436127.7660,0.0000
247520.9838,436128.6715,0.0000
247521.4071,436129.5775,0.0000
247521.8292,436130.4841,0.0000
247522.2501,436131.3912,0.0000
247522.6699,436132.2988,0.0000
247523.0884,436133.2070,0.0000
247523.5058,436134.1157,0.0000
247523.9220,436135.0250,0.0000
247524.3370,436135.9348,0.0000
247524.7508,436136.8452,0.0000
247525.1635,436137.7561,0.0000
247525.5749,436138.6675,0.0000
247525.9852,436139.5795,0.0000
247526.3943,436140.4920,0.0000
247526.8022,436141.4050,0.0000
247527.2089,436142.3186,0.0000
247527.6144,436143.2326,0.0000
247528.0187,436144.1473,0.0000
247528.4218,436145.0624,0.0000
247528.8237,436145.9781,0.0000
247529.2244,436146.8943,0.0000
247529.6239,436147.8111,0.0000
247530.0221,436148.7283,0.0000
247530.4191,436149.6461,0.0000
247530.8149,436150.5645,0.0000
247531.2095,436151.4833,0.0000
247531.6029,436152.4027,0.0000
247531.9950,436153.3227,0.0000
247532.3858,436154.2431,0.0000
247532.7753,436155.1641,0.0000
247533.1636,436156.0857,0.0000
247533.5507,436157.0077,0.0000
247533.9364,436157.9303,0.0000
247534.3209,436158.8535,0.0000
247534.7040,436159.7772,0.0000
247535.0859,436160.7014,0.0000
247535.4665,436161.6261,0.0000
247535.8457,436162.5514,0.0000
247536.2237,436163.4772,0.0000
247536.6003,436164.4036,0.0000
247536.9756,436165.3305,0.0000
247537.3496,436166.2579,0.0000
247537.7223,436167.1859,0.0000
247538.0937,436168.1144,0.0000
247538.4637,436169.0434,0.0000
247538.8325,436169.9729,0.0000
247539.1999,436170.9030,0.0000
247539.5661,436171.8335,0.0000
247539.9309,436172.7646,0.0000
247540.2945,436173.6962,0.0000
247540.6567,436174.6282,0.0000
247541.0176,436175.5608,0.0000
247541.3773,436176.4939,0.0000
247541.7357,436177.4275,0.0000
247542.0929,436178.3615,0.0000
247542.4487,436179.2961,0.0000
247542.8033,436180.2311,0.0000
247543.1567,436181.1666,0.0000
247543.5088,436182.1025,0.0000
247543.8596,436183.0390,0.0000
247544.2092,436183.9759,0.0000
247544.5575,436184.9132,0.0000
247544.9046,436185.8511,0.0000
247545.2505,436186.7894,0.0000
247545.5951,436187.7281,0.0000
247545.9384,436188.6673,0.0000
247546.2805,436189.6070,0.0000
247546.6214,436190.5471,0.0000
247546.9609,436191.4877,0.0000
247547.2992,436192.4287,0.0000
247547.6363,436193.3702,0.0000
247547.9720,436194.3122,0.0000
247548.3065,436195.2546,0.0000
247548.6397,436196.1974,0.0000
247548.9716,436197.1407,0.0000
247549.3022,436198.0845,0.0000
247549.6316,436199.0287,0.0000
247549.9596,436199.9734,0.0000
247550.2863,436200.9185,0.0000
247550.6117,436201.8641,0.0000
247550.9358,436202.8101,0.0000
247551.2585,436203.7566,0.0000
247551.5800,436204.7035,0.0000
247551.9001,436205.6509,0.0000
247552.2189,436206.5987,0.0000
247552.5363,436207.5470,0.0000
247552.8525,436208.4957,0.0000
247553.1673,436209.4449,0.0000
247553.4808,436210.3945,0.0000
247553.7929,436211.3445,0.0000
247554.1037,436212.2950,0.0000
247554.4132,436213.2459,0.0000
247554.7214,436214.1972,0.0000
247555.0282,436215.1490,0.0000
247555.3337,436216.1012,0.0000
247555.6378,436217.0538,0.0000
247555.9406,436218.0069,0.0000
247556.2421,436218.9603,0.0000
247556.5422,436219.9142,0.0000
247556.8410,436220.8686,0.0000
247557.1384,436221.8233,0.0000
247557.4345,436222.7785,0.0000
247557.7292,436223.7340,0.0000
247558.0226,436224.6900,0.0000
247558.3146,436225.6464,0.0000
247558.6053,436226.6033,0.0000
247558.8946,436227.5605,0.0000
247559.1826,436228.5181,0.0000
247559.4692,436229.4762,0.0000
247559.7545,436230.4346,0.0000
247560.0384,436231.3935,0.0000
247560.3209,436232.3527,0.0000
247560.6021,436233.3124,0.0000
247560.8820,436234.2724,0.0000
247561.1605,436235.2329,0.0000
247561.4376,436236.1937,0.0000
247561.7134,436237.1549,0.0000
247561.9878,436238.1165,0.0000
247562.2609,436239.0785,0.0000
247562.5327,436240.0409,0.0000
247562.8031,436241.0036,0.0000
247563.0722,436241.9667,0.0000
247563.3399,436242.9302,0.0000
247563.6063,436243.8941,0.0000
247563.8713,436244.8583,0.0000
247564.1350,436245.8229,0.0000
247564.3974,436246.7879,0.0000
247564.6585,436247.7532,0.0000
247564.9182,436248.7189,0.0000
247565.1765,436249.6850,0.0000
247565.4336,436250.6514,0.0000
247565.6893,436251.6181,0.0000
247565.9436,436252.5852,0.0000
247566.1966,436253.5527,0.0000
247566.4483,436254.5205,0.0000
247566.6986,436255.4887,0.0000
247566.9476,436256.4572,0.0000
247567.1952,436257.4260,0.0000
247567.4415,436258.3952,0.0000
247567.6865,436259.3648,0.0000
247567.9300,436260.3347,0.0000
247568.1723,436261.3049,0.0000
247568.4132,436262.2754,0.0000
247568.6527,436263.2463,0.0000
247568.8908,436264.2175,0.0000
247569.1276,436265.1891,0.0000
247569.3631,436266.1610,0.0000
247569.5972,436267.1332,0.0000
247569.8299,436268.1057,0.0000
247570.0613,436269.0786,0.0000
247570.2913,436270.0518,0.0000
247570.5199,436271.0253,0.0000
247570.7472,436271.9991,0.0000
247570.9732,436272.9733,0.0000
247571.1977,436273.9477,0.0000
247571.4209,436274.9225,0.0000
247571.6427,436275.8976,0.0000
247571.8632,436276.8730,0.0000
247572.0823,436277.8487,0.0000
247572.3000,436278.8247,0.0000
247572.5164,436279.8010,0.0000
247572.7313,436280.7776,0.0000
247572.9450,436281.7546,0.0000
247573.1572,436282.7318,0.0000
247573.3681,436283.7093,0.0000
247573.5776,436284.6871,0.0000
247573.7857,436285.6652,0.0000
247573.9925,436286.6436,0.0000
247574.1979,436287.6223,0.0000
247574.4019,436288.6012,0.0000
247574.6045,436289.5805,0.0000
247574.8057,436290.5600,0.0000
247575.0056,436291.5399,0.0000
247575.2040,436292.5200,0.0000
247575.4011,436293.5004,0.0000
247575.5968,436294.4810,0.0000
247575.7911,436295.4620,0.0000
247575.9841,436296.4432,0.0000
247576.1756,436297.4247,0.0000
247576.3657,436298.4064,0.0000
247576.5544,436299.3885,0.0000
247576.7418,436300.3708,0.0000
247576.9277,436301.3533,0.0000
247577.1122,436302.3361,0.0000
247577.2953,436303.3192,0.0000
247577.4770,436304.3026,0.0000
247577.6573,436305.2862,0.0000
247577.8362,436306.2701,0.0000
247578.0136,436307.2542,0.0000
247578.1897,436308.2386,0.0000
247578.3643,436309.2232,0.0000
247578.5375,436310.2081,0.0000
247578.7092,436311.1933,0.0000
247578.8796,436312.1786,0.0000
247579.0485,436313.1643,0.0000
247579.2159,436314.1502,0.0000
247579.3820,436315.1363,0.0000
247579.5466,436316.1226,0.0000
247579.7098,436317.1092,0.0000
247579.8716,436318.0960,0.0000
247580.0320,436319.0831,0.0000
247580.1909,436320.0704,0.0000
247580.3485,436321.0579,0.0000
247580.5046,436322.0456,0.0000
247580.6593,436323.0336,0.0000
247580.8125,436324.0218,0.0000
247580.9644,436325.0102,0.0000
247581.1148,436325.9988,0.0000
247581.2638,436326.9876,0.0000
247581.4115,436327.9767,0.0000
247581.5577,436328.9659,0.0000
247581.7025,436329.9554,0.0000
247581.8458,436330.9451,0.0000
247581.9878,436331.9349,0.0000
247582.1284,436332.9250,0.0000
247582.2676,436333.9153,0.0000
247582.4053,436334.9057,0.0000
247582.5417,436335.8964,0.0000
247582.6767,436336.8873,0.0000
247582.8102,436337.8783,0.0000
247582.9424,436338.8695,0.0000
247583.0732,436339.8609,0.0000
247583.2026,436340.8525,0.0000
247583.3305,436341.8443,0.0000
247583.4571,436342.8363,0.0000
247583.5823,436343.8284,0.0000
247583.7061,436344.8207,0.0000
247583.8284,436345.8132,0.0000
247583.9495,436346.8058,0.0000
247584.0691,436347.7987,0.0000
247584.1873,436348.7916,0.0000
247584.3041,436349.7848,0.0000
247584.4196,436350.7781,0.0000
247584.5337,436351.7716,0.0000
247584.6464,436352.7652,0.0000
247584.7578,436353.7590,0.0000
247584.8677,436354.7529,0.0000
247584.9763,436355.7470,0.0000
247585.0836,436356.7412,0.0000
247585.1894,436357.7356,0.0000
247585.2940,436358.7301,0.0000
247585.3971,436359.7248,0.0000
247585.4989,436360.7196,0.0000
247585.5994,436361.7146,0.0000
247585.6985,436362.7096,0.0000
247585.7963,436363.7048,0.0000
247585.8927,436364.7002,0.0000
247585.9878,436365.6956,0.0000
247586.0815,436366.6912,0.0000
247586.1739,436367.6870,0.0000
247586.2650,436368.6828,0.0000
247586.3547,436369.6788,0.0000
247586.4430,436370.6749,0.0000
247586.5301,436371.6711,0.0000
247586.6158,436372.6674,0.0000
247586.7002,436373.6638,0.0000
247586.7832,436374.6604,0.0000
247586.8649,436375.6570,0.0000
247586.9453,436376.6538,0.0000
247587.0243,436377.6507,0.0000
247587.1020,436378.6476,0.0000
247587.1784,436379.6447,0.0000
247587.2534,436380.6419,0.0000
247587.3272,436381.6392,0.0000
247587.3996,436382.6366,0.0000
247587.4706,436383.6340,0.0000
247587.5404,436384.6316,0.0000
247587.6088,436385.6292,0.0000
247587.6759,436386.6270,0.0000
247587.7417,436387.6248,0.0000
247587.8062,436388.6227,0.0000
247587.8694,436389.6207,0.0000
247587.9313,436390.6188,0.0000
247587.9919,436391.6170,0.0000
247588.0511,436392.6152,0.0000
247588.1091,436393.6136,0.0000
247588.1657,436394.6119,0.0000
247588.2211,436395.6104,0.0000
247588.2751,436396.6090,0.0000
247588.3278,436397.6076,0.0000
247588.3792,436398.6062,0.0000
247588.4293,436399.6050,0.0000
247588.4781,436400.6038,0.0000
247588.5256,436401.6027,0.0000
247588.5717,436402.6016,0.0000
247588.6166,436403.6006,0.0000
247588.6601,436404.5996,0.0000
247588.7023,436405.5988,0.0000
247588.7432,436406.5979,0.0000
247588.7827,436407.5971,0.0000
247588.8210,436408.5964,0.0000
247588.8579,436409.5957,0.0000
247588.8935,436410.5951,0.0000
247588.9277,436411.5945,0.0000
247588.9606,436412.5940,0.0000
247588.9922,436413.5935,0.0000
247589.0225,436414.5930,0.0000
247589.0514,436415.5926,0.0000
247589.0789,436416.5922,0.0000
247589.1052,436417.5919,0.0000
247589.1301,436418.5916,0.0000
247589.1537,436419.5913,0.0000
247589.1759,436420.5910,0.0000
247589.1968,436421.5908,0.0000
247589.2163,436422.5906,0.0000
247589.2345,436423.5905,0.0000
247589.2514,436424.5903,0.0000
247589.2669,436425.5902,0.0000
247589.2810,436426.5901,0.0000
247589.2938,436427.5900,0.0000
247589.3053,436428.5899,0.0000
247589.3154,436429.5899,0.0000
247589.3241,436430.5899,0.0000
247589.3315,436431.5898,0.0000
247589.3375,436432.5898,0.0000
247589.3421,436433.5898,0.0000
247589.3454,436434.5898,0.0000
247589.3473,436435.5898,0.0000
247589.3478,436436.5898,0.0000
247589.3469,436437.5898,0.0000
247589.3447,436438.5898,0.0000
247589.3411,436439.5898,0.0000
247589.3361,436440.5898,0.0000
247589.3297,436441.5897,0.0000
247589.3220,436442.5897,0.0000
247589.3129,436443.5897,0.0000
247589.3024,436444.5896,0.0000
247589.2905,436445.5895,0.0000
247589.2772,436446.5895,0.0000
247589.2626,436447.5894,0.0000
247589.2466,436448.5892,0.0000
247589.2292,436449.5891,0.0000
247589.2104,436450.5889,0.0000
247589.1903,436451.5887,0.0000
247589.1688,436452.5885,0.0000
247589.1459,436453.5882,0.0000
247589.1216,436454.5879,0.0000
247589.0960,436455.5876,0.0000
247589.0690,436456.5872,0.0000
247589.0406,436457.5868,0.0000
247589.0109,436458.5864,0.0000
247588.9798,436459.5859,0.0000
247588.9473,436460.5854,0.0000
247588.9134,436461.5848,0.0000
247588.8782,436462.5842,0.0000
247588.8416,436463.5835,0.0000
247588.8036,436464.5828,0.0000
247588.7642,436465.5820,0.0000
247588.7235,436466.5812,0.0000
247588.6814,436467.5803,0.0000
247588.6379,436468.5793,0.0000
247588.5931,436469.5783,0.0000
247588.5469,436470.5773,0.0000
247588.4992,436471.5761,0.0000
247588.4503,436472.5749,0.0000
247588.3999,436473.5737,0.0000
247588.3482,436474.5723,0.0000
247588.2951,436475.5709,0.0000
247588.2406,436476.5694,0.0000
247588.1848,436477.5679,0.0000
247588.1276,436478.5662,0.0000
247588.0690,436479.5645,0.0000
247588.0091,436480.5627,0.0000
247587.9478,436481.5608,0.0000
247587.8852,436482.5589,0.0000
247587.8212,436483.5568,0.0000
247587.7558,436484.5547,0.0000
247587.6891,436485.5525,0.0000
247587.6211,436486.5501,0.0000
247587.5516,436487.5477,0.0000
247587.4809,436488.5452,0.0000
247587.4087,436489.5426,0.0000
247587.3353,436490.5399,0.0000
247587.2604,436491.5371,0.0000
247587.1843,436492.5342,0.0000
247587.1067,436493.5312,0.0000
247587.0279,436494.5281,0.0000
247586.9476,436495.5248,0.0000
247586.8660,436496.5215,0.0000
247586.7831,436497.5181,0.0000
247586.6988,436498.5145,0.0000
247586.6132,436499.5108,0.0000
247586.5262,436500.5070,0.0000
247586.4379,436501.5031,0.0000
247586.3482,436502.4991,0.0000
247586.2571,436503.4950,0.0000
247586.1648,436504.4907,0.0000
247586.0710,436505.4863,0.0000
247585.9759,436506.4817,0.0000
247585.8795,436507.4771,0.0000
247585.7817,436508.4723,0.0000
247585.6826,436509.4674,0.0000
247585.5821,436510.4623,0.0000
247585.4803,436511.4571,0.0000
247585.3772,436512.4518,0.0000
247585.2727,436513.4463,0.0000
247585.1668,436514.4407,0.0000
247585.0596,436515.4349,0.0000
247584.9511,436516.4290,0.0000
247584.8412,436517.4230,0.0000
247584.7300,436518.4168,0.0000
247584.6175,436519.4104,0.0000
247584.5036,436520.4039,0.0000
247584.3884,436521.3972,0.0000
247584.2718,436522.3904,0.0000
247584.1540,436523.3835,0.0000
247584.0347,436524.3763,0.0000
247583.9142,436525.3690,0.0000
247583.7923,436526.3616,0.0000
247583.6691,436527.3539,0.0000
247583.5445,436528.3462,0.0000
247583.4187,436529.3382,0.0000
247583.2914,436530.3301,0.0000
247583.1629,436531.3218,0.0000
247583.0330,436532.3133,0.0000
247582.9018,436533.3047,0.0000
247582.7693,436534.2959,0.0000
247582.6354,436535.2869,0.0000
247582.5002,436536.2777,0.0000
247582.3636,436537.2683,0.0000
247582.2257,436538.2587,0.0000
247582.0865,436539.2490,0.0000
247581.9459,436540.2391,0.0000
247581.8040,436541.2289,0.0000
247581.6607,436542.2186,0.0000
247581.5160,436543.2081,0.0000
247581.3700,436544.1974,0.0000
247581.2227,436545.1865,0.0000
247581.0740,436546.1754,0.0000
247580.9239,436547.1640,0.0000
247580.7724,436548.1525,0.0000
247580.6196,436549.1408,0.0000
247580.4655,436550.1288,0.0000
247580.3099,436551.1166,0.0000
247580.1531,436552.1042,0.0000
247579.9948,436553.0916,0.0000
247579.8352,436554.0788,0.0000
247579.6743,436555.0658,0.0000
247579.5120,436556.0525,0.0000
247579.3483,436557.0391,0.0000
247579.1833,436558.0253,0.0000
247579.0170,436559.0114,0.0000
247578.8493,436559.9973,0.0000
247578.6803,436560.9829,0.0000
247578.5100,436561.9683,0.0000
247578.3383,436562.9534,0.0000
247578.1653,436563.9383,0.0000
247577.9909,436564.9230,0.0000
247577.8152,436565.9075,0.0000
247577.6382,436566.8917,0.0000
247577.4599,436567.8756,0.0000
247577.2802,436568.8594,0.0000
247577.0992,436569.8428,0.0000
247576.9169,436570.8261,0.0000
247576.7332,436571.8091,0.0000
247576.5482,436572.7918,0.0000
247576.3619,436573.7743,0.0000
247576.1742,436574.7565,0.0000
247575.9852,436575.7385,0.0000
247575.7949,436576.7202,0.0000
247575.6032,436577.7017,0.0000
247575.4101,436578.6829,0.0000
247575.2157,436579.6638,0.0000
247575.0200,436580.6444,0.0000
247574.8229,436581.6248,0.0000
247574.6244,436582.6049,0.0000
247574.4247,436583.5848,0.0000
247574.2235,436584.5643,0.0000
247574.0210,436585.5436,0.0000
247573.8171,436586.5226,0.0000
247573.6119,436587.5013,0.0000
247573.4054,436588.4798,0.0000
247573.1975,436589.4579,0.0000
247572.9882,436590.4358,0.0000
247572.7776,436591.4133,0.0000
247572.5656,436592.3906,0.0000
247572.3522,436593.3676,0.0000
247572.1375,436594.3443,0.0000
247571.9215,436595.3207,0.0000
247571.7041,436596.2967,0.0000
247571.4853,436597.2725,0.0000
247571.2652,436598.2480,0.0000
247571.0437,436599.2231,0.0000
247570.8208,436600.1980,0.0000
247570.5966,436601.1725,0.0000
247570.3710,436602.1468,0.0000
247570.1440,436603.1207,0.0000
247569.9157,436604.0942,0.0000
247569.6860,436605.0675,0.0000
247569.4550,436606.0404,0.0000
247569.2225,436607.0131,0.0000
247568.9887,436607.9853,0.0000
247568.7535,436608.9573,0.0000
247568.5170,436609.9289,0.0000
247568.2791,436610.9002,0.0000
247568.0398,436611.8711,0.0000
247567.7991,436612.8418,0.0000
247567.5571,436613.8120,0.0000
247567.3138,436614.7820,0.0000
247567.0691,436615.7516,0.0000
247566.8230,436616.7208,0.0000
247566.5756,436617.6897,0.0000
247566.3268,436618.6583,0.0000
247566.0768,436619.6265,0.0000
247565.8254,436620.5944,0.0000
247565.5727,436621.5620,0.0000
247565.3186,436622.5291,0.0000
247565.0633,436623.4960,0.0000
247564.8066,436624.4625,0.0000
247564.5487,436625.4287,0.0000
247564.2894,436626.3945,0.0000
247564.0289,436627.3599,0.0000
247563.7670,436628.3250,0.0000
247563.5038,436629.2898,0.0000
247563.2394,436630.2542,0.0000
247562.9736,436631.2182,0.0000
247562.7065,436632.1819,0.0000
247562.4382,436633.1452,0.0000
247562.1685,436634.1082,0.0000
247561.8975,436635.0707,0.0000
247561.6252,436636.0329,0.0000
247561.3515,436636.9948,0.0000
247561.0766,436637.9562,0.0000
247560.8003,436638.9173,0.0000
247560.5227,436639.8780,0.0000
247560.2437,436640.8383,0.0000
247559.9634,436641.7982,0.0000
247559.6818,436642.7577,0.0000
247559.3988,436643.7169,0.0000
247559.1144,436644.6756,0.0000
247558.8287,436645.6339,0.0000
247558.5417,436646.5918,0.0000
247558.2532,436647.5493,0.0000
247557.9635,436648.5064,0.0000
247557.6723,436649.4631,0.0000
247557.3799,436650.4194,0.0000
247557.0860,436651.3752,0.0000
247556.7908,436652.3306,0.0000
247556.4943,436653.2857,0.0000
247556.1964,436654.2403,0.0000
247555.8972,436655.1945,0.0000
247555.5966,436656.1482,0.0000
247555.2947,436657.1015,0.0000
247554.9915,436658.0545,0.0000
247554.6869,436659.0070,0.0000
247554.3810,436659.9590,0.0000
247554.0738,436660.9107,0.0000
247553.7654,436661.8619,0.0000
247553.4556,436662.8127,0.0000
247553.1445,436663.7631,0.0000
247552.8322,436664.7131,0.0000
247552.5185,436665.6626,0.0000
247552.2036,436666.6117,0.0000
247551.8874,436667.5604,0.0000
247551.5700,436668.5087,0.0000
247551.2513,436669.4566,0.0000
247550.9314,436670.4040,0.0000
247550.6102,436671.3510,0.0000
247550.2878,436672.2976,0.0000
247549.9641,436673.2438,0.0000
247549.6392,436674.1895,0.0000
247549.3130,436675.1349,0.0000
247548.9856,436676.0797,0.0000
247548.6570,436677.0242,0.0000
247548.3271,436677.9682,0.0000
247547.9960,436678.9118,0.0000
247547.6636,436679.8550,0.0000
247547.3300,436680.7977,0.0000
247546.9951,436681.7399,0.0000
247546.6590,436682.6818,0.0000
247546.3217,436683.6231,0.0000
247545.9830,436684.5641,0.0000
247545.6431,436685.5045,0.0000
247545.3020,436686.4445,0.0000
247544.9595,436687.3841,0.0000
247544.6158,436688.3231,0.0000
247544.2708,436689.2617,0.0000
247543.9246,436690.1999,0.0000
247543.5770,436691.1375,0.0000
247543.2282,436692.0747,0.0000
247542.8780,436693.0114,0.0000
247542.5266,436693.9476,0.0000
247542.1739,436694.8834,0.0000
247541.8199,436695.8186,0.0000
247541.4646,436696.7534,0.0000
247541.1081,436697.6876,0.0000
247540.7502,436698.6214,0.0000
247540.3911,436699.5547,0.0000
247540.0306,436700.4875,0.0000
247539.6689,436701.4198,0.0000
247539.3058,436702.3515,0.0000
247538.9415,436703.2828,0.0000
247538.5759,436704.2136,0.0000
247538.2090,436705.1438,0.0000
247537.8408,436706.0736,0.0000
247537.4713,436707.0028,0.0000
247537.1005,436707.9315,0.0000
247536.7285,436708.8597,0.0000
247536.3551,436709.7874,0.0000
247535.9804,436710.7146,0.0000
247535.6044,436711.6412,0.0000
247535.2271,436712.5673,0.0000
247534.8484,436713.4928,0.0000
247534.4685,436714.4178,0.0000
247534.0873,436715.3423,0.0000
247533.7047,436716.2662,0.0000
247533.3208,436717.1896,0.0000
247532.9357,436718.1125,0.0000
247532.5492,436719.0348,0.0000
247532.1614,436719.9565,0.0000
247531.7723,436720.8777,0.0000
247531.3818,436721.7983,0.0000
247530.9901,436722.7184,0.0000
247530.5971,436723.6380,0.0000
247530.2028,436724.5569,0.0000
247529.8072,436725.4754,0.0000
247529.4103,436726.3932,0.0000
247529.0121,436727.3105,0.0000
247528.6127,436728.2273,0.0000
247528.2120,436729.1435,0.0000
247527.8100,436730.0592,0.0000
247527.4068,436730.9743,0.0000
247527.0023,436731.8888,0.0000
247526.5966,436732.8028,0.0000
247526.1896,436733.7162,0.0000
247525.7813,436734.6291,0.0000
247525.3719,436735.5414,0.0000
247524.9611,436736.4532,0.0000
247524.5491,436737.3643,0.0000
247524.1358,436738.2750,0.0000
247523.7213,436739.1850,0.0000
247523.3056,436740.0945,0.0000
247522.8886,436741.0034,0.0000
247522.4702,436741.9117,0.0000
247522.0507,436742.8194,0.0000
247521.6298,436743.7265,0.0000
247521.2077,436744.6331,0.0000
247520.7843,436745.5390,0.0000
247520.3596,436746.4443,0.0000
247519.9336,436747.3491,0.0000
247519.5064,436748.2532,0.0000
247519.0778,436749.1567,0.0000
247518.6480,436750.0596,0.0000
247518.2169,436750.9620,0.0000
247517.7846,436751.8637,0.0000
247517.3509,436752.7647,0.0000
247516.9160,436753.6652,0.0000
247516.4799,436754.5651,0.0000
247516.0425,436755.4644,0.0000
247515.6038,436756.3630,0.0000
247515.1639,436757.2611,0.0000
247514.7228,436758.1585,0.0000
247514.2804,436759.0553,0.0000
247513.8368,436759.9516,0.0000
247513.3920,436760.8472,0.0000
247512.9460,436761.7422,0.0000
247512.4988,436762.6366,0.0000
247512.0503,436763.5305,0.0000
247511.6007,436764.4236,0.0000
247511.1498,436765.3162,0.0000
247510.6977,436766.2082,0.0000
247510.2445,436767.0996,0.0000
247509.7899,436767.9903,0.0000
247509.3342,436768.8804,0.0000
247508.8772,436769.7699,0.0000
247508.4190,436770.6588,0.0000
247507.9596,436771.5470,0.0000
247507.4989,436772.4345,0.0000
247507.0369,436773.3214,0.0000
247506.5737,436774.2077,0.0000
247506.1092,436775.0933,0.0000
247505.6435,436775.9782,0.0000
247505.1765,436776.8624,0.0000
247504.7082,436777.7460,0.0000
247504.2386,436778.6289,0.0000
247503.7678,436779.5111,0.0000
247503.2956,436780.3926,0.0000
247502.8222,436781.2735,0.0000
247502.3476,436782.1537,0.0000
247501.8716,436783.0331,0.0000
247501.3944,436783.9119,0.0000
247500.9159,436784.7900,0.0000
247500.4362,436785.6674,0.0000
247499.9553,436786.5442,0.0000
247499.4730,436787.4202,0.0000
247498.9896,436788.2956,0.0000
247498.5049,436789.1703,0.0000
247498.0190,436790.0443,0.0000
247497.5318,436790.9176,0.0000
247497.0435,436791.7903,0.0000
247496.5539,436792.6622,0.0000
247496.0632,436793.5335,0.0000
247495.5712,436794.4041,0.0000
247495.0780,436795.2740,0.0000
247494.5835,436796.1433,0.0000
247494.0879,436797.0118,0.0000
247493.5911,436797.8796,0.0000
247493.0930,436798.7468,0.0000
247492.5937,436799.6132,0.0000
247492.0932,436800.4790,0.0000
247491.5915,436801.3440,0.0000
247491.0886,436802.2083,0.0000
247490.5844,436803.0719,0.0000
247490.0790,436803.9348,0.0000
247489.5723,436804.7969,0.0000
247489.0645,436805.6584,0.0000
247488.5553,436806.5191,0.0000
247488.0450,436807.3790,0.0000
247487.5334,436808.2383,0.0000
247487.0206,436809.0967,0.0000
247486.5065,436809.9545,0.0000
247485.9912,436810.8115,0.0000
247485.4746,436811.6677,0.0000
247484.9569,436812.5233,0.0000
247484.4379,436813.3781,0.0000
247483.9177,436814.2321,0.0000
247483.3962,436815.0854,0.0000
247482.8736,436815.9379,0.0000
247482.3497,436816.7898,0.0000
247481.8247,436817.6408,0.0000
247481.2985,436818.4912,0.0000
247480.7710,436819.3408,0.0000
247480.2424,436820.1896,0.0000
247479.7125,436821.0377,0.0000
247479.1815,436821.8851,0.0000
247478.6493,436822.7317,0.0000
247478.1159,436823.5776,0.0000
247477.5814,436824.4227,0.0000
247477.0456,436825.2670,0.0000
247476.5087,436826.1107,0.0000
247475.9705,436826.9535,0.0000
247475.4312,436827.7956,0.0000
247474.8907,436828.6370,0.0000
247474.3491,436829.4776,0.0000
247473.8062,436830.3174,0.0000
247473.2622,436831.1565,0.0000
247472.7170,436831.9948,0.0000
247472.1706,436832.8323,0.0000
247471.6230,436833.6691,0.0000
247471.0743,436834.5051,0.0000
247470.5244,436835.3403,0.0000
247469.9734,436836.1748,0.0000
247469.4212,436837.0085,0.0000
247468.8678,436837.8414,0.0000
247468.3133,436838.6736,0.0000
247467.7577,436839.5051,0.0000
247467.2009,436840.3357,0.0000
247466.6429,436841.1656,0.0000
247466.0839,436841.9947,0.0000
247465.5236,436842.8230,0.0000
247464.9623,436843.6506,0.0000
247464.3998,436844.4774,0.0000
247463.8362,436845.3035,0.0000
247463.2714,436846.1287,0.0000
247462.7054,436846.9531,0.0000
247462.1384,436847.7768,0.0000
247461.5701,436848.5997,0.0000
247461.0007,436849.4217,0.0000
247460.4301,436850.2429,0.0000
247459.8583,436851.0634,0.0000
247459.2854,436851.8830,0.0000
247458.7113,436852.7017,0.0000
247458.1360,436853.5197,0.0000
247457.5595,436854.3368,0.0000
247456.9818,436855.1530,0.0000
247456.4029,436855.9684,0.0000
247455.8228,436856.7829,0.0000
247455.2415,436857.5966,0.0000
247454.6590,436858.4095,0.0000
247454.0753,436859.2215,0.0000
247453.4905,436860.0326,0.0000
247452.9044,436860.8429,0.0000
247452.3172,436861.6523,0.0000
247451.7288,436862.4609,0.0000
247451.1393,436863.2687,0.0000
247450.5487,436864.0756,0.0000
247449.9568,436864.8817,0.0000
247449.3639,436865.6869,0.0000
247448.7699,436866.4913,0.0000
247448.1747,436867.2950,0.0000
247447.5784,436868.0977,0.0000
247446.9811,436868.8997,0.0000
247446.3826,436869.7009,0.0000
247445.7831,436870.5012,0.0000
247445.1825,436871.3008,0.0000
247444.5808,436872.0995,0.0000
247443.9781,436872.8975,0.0000
247443.3743,436873.6946,0.0000
247442.7695,436874.4910,0.0000
247442.1636,436875.2865,0.0000
247441.5567,436876.0813,0.0000
247440.9487,436876.8752,0.0000
247440.3397,436877.6684,0.0000
247439.7296,436878.4608,0.0000
247439.1186,436879.2523,0.0000
247438.5064,436880.0431,0.0000
247437.8933,436880.8331,0.0000
247437.2792,436881.6223,0.0000
247436.6641,436882.4107,0.0000
247436.0479,436883.1984,0.0000
247435.4308,436883.9852,0.0000
247434.8127,436884.7713,0.0000
247434.1937,436885.5567,0.0000
247433.5737,436886.3413,0.0000
247432.9529,436887.1252,0.0000
247432.3310,436887.9084,0.0000
247431.7083,436888.6908,0.0000
247431.0847,436889.4726,0.0000
247430.4604,436890.2537,0.0000
247429.8352,436891.0342,0.0000
247429.2091,436891.8140,0.0000
247428.5822,436892.5931,0.0000
247427.9546,436893.3716,0.0000
247427.3263,436894.1495,0.0000
247426.6972,436894.9269,0.0000
247426.0674,436895.7036,0.0000
247425.4368,436896.4798,0.0000
247424.8056,436897.2554,0.0000
247424.1738,436898.0305,0.0000
247423.5412,436898.8050,0.0000
247422.9081,436899.5790,0.0000
247422.2742,436900.3525,0.0000
247421.6398,436901.1255,0.0000
247421.0047,436901.8979,0.0000
247420.3690,436902.6699,0.0000
247419.7327,436903.4413,0.0000
247419.0958,436904.2123,0.0000
247418.4583,436904.9827,0.0000
247417.8202,436905.7527,0.0000
247417.1815,436906.5221,0.0000
247416.5423,436907.2911,0.0000
247415.9024,436908.0596,0.0000
247415.2620,436908.8276,0.0000
247414.6210,436909.5952,0.0000
247413.9794,436910.3622,0.0000
247413.3373,436911.1288,0.0000
247412.6946,436911.8949,0.0000
247412.0513,436912.6606,0.0000
247411.4076,436913.4258,0.0000
247410.7633,436914.1906,0.0000
247410.1184,436914.9549,0.0000
247409.4731,436915.7188,0.0000
247408.8272,436916.4822,0.0000
247408.1808,436917.2453,0.0000
247407.5340,436918.0079,0.0000
247406.8867,436918.7701,0.0000
247406.2389,436919.5319,0.0000
247405.5907,436920.2934,0.0000
247404.9420,436921.0545,0.0000
247404.2929,436921.8152,0.0000
247403.6434,436922.5755,0.0000
247402.9934,436923.3355,0.0000
247402.3431,436924.0951,0.0000
247401.6924,436924.8544,0.0000
247401.0413,436925.6135,0.0000
247400.3898,436926.3722,0.0000
247399.7380,436927.1305,0.0000
247399.0859,436927.8886,0.0000
247398.4335,436928.6465,0.0000
247397.7807,436929.4041,0.0000
247397.1276,436930.1613,0.0000
247396.4743,436930.9184,0.0000
247395.8206,436931.6752,0.0000
247395.1667,436932.4318,0.0000
247394.5126,436933.1882,0.0000
247393.8582,436933.9443,0.0000
247393.2035,436934.7002,0.0000
247392.5487,436935.4560,0.0000
247391.8936,436936.2116,0.0000
247391.2384,436936.9670,0.0000
247390.5829,436937.7222,0.0000
247389.9272,436938.4772,0.0000
247389.2714,436939.2322,0.0000
247388.6155,436939.9870,0.0000
247387.9594,436940.7416,0.0000
247387.3031,436941.4962,0.0000
247386.6467,436942.2506,0.0000
247385.9902,436943.0049,0.0000
247385.3336,436943.7591,0.0000
247384.6769,436944.5133,0.0000
247384.0200,436945.2673,0.0000
247383.3631,436946.0212,0.0000
247382.7061,436946.7751,0.0000
247382.0491,436947.5290,0.0000
247381.3920,436948.2828,0.0000
247380.7348,436949.0365,0.0000
247380.0775,436949.7902,0.0000
247379.4203,436950.5439,0.0000
247378.7630,436951.2975,0.0000
247378.1057,436952.0512,0.0000
247377.4484,436952.8048,0.0000
247376.7910,436953.5583,0.0000
247376.1337,436954.3119,0.0000
247375.4763,436955.0655,0.0000
247374.8190,436955.8191,0.0000
247374.1616,436956.5727,0.0000
247373.5043,436957.3263,0.0000
247372.8469,436958.0799,0.0000
247372.1896,436958.8335,0.0000
247371.5323,436959.5871,0.0000
247370.8751,436960.3408,0.0000
247370.2178,436961.0945,0.0000
247369.5606,436961.8481,0.0000
247368.9034,436962.6018,0.0000
247368.2462,436963.3556,0.0000
247367.5890,436964.1093,0.0000
247366.9318,436964.8630,0.0000
247366.2747,436965.6168,0.0000
247365.6175,436966.3706,0.0000
247364.9604,436967.1243,0.0000
247364.3033,436967.8781,0.0000
247363.6462,436968.6319,0.0000
247362.9891,436969.3857,0.0000
247361.6749,436970.8933,0.0000
247361.0178,436971.6471,0.0000
247360.3607,436972.4009,0.0000
247359.7036,436973.1547,0.0000
247359.0464,436973.9085,0.0000
247358.3893,436974.6623,0.0000
247357.7322,436975.4161,0.0000
247357.0751,436976.1699,0.0000
247356.4179,436976.9236,0.0000
247355.7608,436977.6774,0.0000
247355.1037,436978.4312,0.0000
247354.4465,436979.1850,0.0000
247353.7894,436979.9387,0.0000
247353.1322,436980.6925,0.0000
247352.4751,436981.4462,0.0000
247351.8179,436982.2000,0.0000
247351.1607,436982.9537,0.0000
247350.5036,436983.7075,0.0000
247349.8464,436984.4612,0.0000
247349.1892,436985.2150,0.0000
247348.5321,436985.9687,0.0000
247347.8749,436986.7225,0.0000
247347.2178,436987.4762,0.0000
247346.5606,436988.2300,0.0000
247345.9035,436988.9838,0.0000
247345.2463,436989.7375,0.0000
247344.5892,436990.4913,0.0000
247343.9321,436991.2451,0.0000
247343.2749,436991.9988,0.0000
247342.6178,436992.7526,0.0000
247341.9607,436993.5064,0.0000
247341.3036,436994.2602,0.0000
247340.6465,436995.0140,0.0000
247339.9894,436995.7678,0.0000
247339.3323,436996.5217,0.0000
247338.6752,436997.2755,0.0000
247338.0182,436998.0293,0.0000
247337.3611,436998.7831,0.0000
247336.7040,436999.5370,0.0000
247336.0470,437000.2908,0.0000
247335.3900,437001.0447,0.0000
247334.7329,437001.7986,0.0000
247334.0759,437002.5524,0.0000
247333.4189,437003.3063,0.0000
247332.7620,437004.0602,0.0000
247332.1050,437004.8142,0.0000
247331.4480,437005.5681,0.0000
247330.7911,437006.3220,0.0000
247330.1341,437007.0760,0.0000
247329.4772,437007.8299,0.0000
247328.8203,437008.5839,0.0000
247328.1634,437009.3379,0.0000
247327.5065,437010.0918,0.0000
247326.8496,437010.8458,0.0000
247326.1927,437011.5998,0.0000
247325.5359,437012.3538,0.0000
247324.8790,437013.1079,0.0000
247324.2222,437013.8619,0.0000
247323.5653,437014.6159,0.0000
247322.9085,437015.3699,0.0000
247321.5948,437016.8780,0.0000
247320.9379,437017.6320,0.0000
247320.2811,437018.3860,0.0000
247319.6242,437019.1400,0.0000
247318.9674,437019.8940,0.0000
247318.3105,437020.6480,0.0000
247317.6536,437021.4020,0.0000
247316.9967,437022.1560,0.0000
247316.3399,437022.9100,0.0000
247315.6830,437023.6640,0.0000
247315.0261,437024.4180,0.0000
247313.7123,437025.9260,0.0000
247313.0554,437026.6800,0.0000
247312.3986,437027.4340,0.0000
247311.7417,437028.1880,0.0000
247311.0848,437028.9420,0.0000
247310.4279,437029.6960,0.0000
247309.7711,437030.4500,0.0000
247309.1142,437031.2040,0.0000
247308.4574,437031.9580,0.0000
247307.8005,437032.7121,0.0000
247307.1437,437033.4661,0.0000
247306.4869,437034.2201,0.0000
247305.8300,437034.9742,0.0000
247305.1732,437035.7282,0.0000
247304.5164,437036.4823,0.0000
247303.8596,437037.2364,0.0000
247303.2028,437037.9904,0.0000
247302.5461,437038.7445,0.0000
247301.8893,437039.4986,0.0000
247301.2325,437040.2527,0.0000
247300.5758,437041.0068,0.0000
247299.9190,437041.7609,0.0000
247299.2622,437042.5150,0.0000
247298.6055,437043.2691,0.0000
247297.9487,437044.0232,0.0000
247297.2919,437044.7773,0.0000
247296.6351,437045.5313,0.0000
247295.3215,437047.0395,0.0000
247294.6648,437047.7936,0.0000
247294.0079,437048.5476,0.0000
247293.3511,437049.3017,0.0000
247292.6943,437050.0557,0.0000
247292.0374,437050.8097,0.0000
247291.3806,437051.5637,0.0000
247290.7237,437052.3177,0.0000
247290.0668,437053.0717,0.0000
247289.4099,437053.8257,0.0000
247288.7530,437054.5796,0.0000
247288.0960,437055.3336,0.0000
247287.4391,437056.0875,0.0000
247286.7821,437056.8414,0.0000
247286.1251,437057.5953,0.0000
247285.4680,437058.3491,0.0000
247284.8110,437059.1030,0.0000
247284.1539,437059.8568,0.0000
247283.4968,437060.6106,0.0000
247282.8397,437061.3644,0.0000
247282.1825,437062.1182,0.0000
247281.5254,437062.8719,0.0000
247280.8682,437063.6257,0.0000
247280.2110,437064.3794,0.0000
247279.5538,437065.1330,0.0000
247278.8965,437065.8867,0.0000
247278.2392,437066.6404,0.0000
247277.5819,437067.3940,0.0000
247276.9246,437068.1476,0.0000
247276.2673,437068.9012,0.0000
247275.6100,437069.6548,0.0000
247274.9526,437070.4084,0.0000
247274.2952,437071.1620,0.0000
247273.6379,437071.9155,0.0000
247272.9805,437072.6691,0.0000
247272.3231,437073.4226,0.0000
247271.6657,437074.1762,0.0000
247270.3509,437075.6832,0.0000
247269.6935,437076.4368,0.0000
247269.0360,437077.1903,0.0000
247268.3786,437077.9438,0.0000
247267.7212,437078.6974,0.0000
247267.0638,437079.4509,0.0000
247265.7490,437080.9580,0.0000
247265.0916,437081.7115,0.0000
247264.4342,437082.4650,0.0000
247263.7768,437083.2186,0.0000
247263.1194,437083.9721,0.0000
247262.4620,437084.7257,0.0000
247261.8046,437085.4793,0.0000
247261.1473,437086.2328,0.0000
247260.4899,437086.9864,0.0000
247259.8325,437087.7400,0.0000
247259.1752,437088.4936,0.0000
247258.5179,437089.2472,0.0000
247257.8605,437090.0008,0.0000
247257.2032,437090.7544,0.0000
247256.5459,437091.5080,0.0000
247255.8886,437092.2617,0.0000
247255.2314,437093.0153,0.0000
247254.5741,437093.7690,0.0000
247253.9168,437094.5226,0.0000
247253.2596,437095.2763,0.0000
247252.6023,437096.0300,0.0000
247251.9451,437096.7837,0.0000
247251.2879,437097.5374,0.0000
247250.6307,437098.2911,0.0000
247249.9735,437099.0448,0.0000
247249.3163,437099.7985,0.0000
247248.6591,437100.5522,0.0000
247248.0019,437101.3059,0.0000
247247.3447,437102.0597,0.0000
247246.6875,437102.8134,0.0000
247246.0303,437103.5671,0.0000
247245.3732,437104.3209,0.0000
247244.0588,437105.8283,0.0000
247242.7444,437107.3358,0.0000
247242.0872,437108.0895,0.0000
247241.4301,437108.8433,0.0000
247240.7729,437109.5970,0.0000
247240.1157,437110.3507,0.0000
247239.4585,437111.1044,0.0000
247238.8013,437111.8582,0.0000
247238.1441,437112.6119,0.0000
247237.4869,437113.3656,0.0000
247236.8297,437114.1193,0.0000
247236.1725,437114.8730,0.0000
247235.5152,437115.6267,0.0000
247234.2008,437117.1341,0.0000
247233.5436,437117.8878,0.0000
247232.8863,437118.6415,0.0000
247232.2291,437119.3952,0.0000
247231.5719,437120.1489,0.0000
247230.9147,437120.9026,0.0000
247230.2575,437121.6563,0.0000
247229.6003,437122.4100,0.0000
247228.9431,437123.1637,0.0000
247228.2859,437123.9174,0.0000
247227.6287,437124.6712,0.0000
247226.9716,437125.4249,0.0000
247226.3144,437126.1787,0.0000
247225.6572,437126.9324,0.0000
247225.0001,437127.6862,0.0000
247224.3430,437128.4400,0.0000
247223.6859,437129.1938,0.0000
247223.0289,437129.9477,0.0000
247222.3718,437130.7015,0.0000
247221.7148,437131.4554,0.0000
247221.0578,437132.2093,0.0000
247220.4009,437132.9632,0.0000
247219.7439,437133.7172,0.0000
247219.0870,437134.4712,0.0000
247218.4301,437135.2252,0.0000
247217.7733,437135.9792,0.0000
247217.1165,437136.7332,0.0000
247216.4597,437137.4873,0.0000
247215.8029,437138.2414,0.0000
247215.1462,437138.9955,0.0000
247214.4895,437139.7497,0.0000
247213.8328,437140.5038,0.0000
247213.1762,437141.2580,0.0000
247212.5195,437142.0122,0.0000
247211.8629,437142.7665,0.0000
247211.2063,437143.5207,0.0000
247210.5497,437144.2750,0.0000
247209.8932,437145.0292,0.0000
247209.2366,437145.7835,0.0000
247208.5801,437146.5378,0.0000
247207.9235,437147.2921,0.0000
247207.2670,437148.0464,0.0000
247206.6105,437148.8007,0.0000
247205.9540,437149.5550,0.0000
247205.2975,437150.3094,0.0000
247204.6410,437151.0637,0.0000
247203.9845,437151.8180,0.0000
247203.3280,437152.5724,0.0000
247202.6715,437153.3267,0.0000
247202.0150,437154.0810,0.0000
247201.3585,437154.8353,0.0000
247200.7020,437155.5897,0.0000
247200.0455,437156.3440,0.0000
247199.3890,437157.0983,0.0000
247198.0761,437158.6070,0.0000
247194.7936,437162.3787,0.0000
247194.1371,437163.1330,0.0000
247193.4806,437163.8874,0.0000
247192.8242,437164.6417,0.0000
247192.1677,437165.3960,0.0000
247191.5112,437166.1504,0.0000
247190.8547,437166.9047,0.0000
247190.1982,437167.6591,0.0000
247189.5417,437168.4134,0.0000
247188.8853,437169.1677,0.0000
247188.2288,437169.9221,0.0000
247184.9464,437173.6938,0.0000
247183.6334,437175.2025,0.0000
247182.9769,437175.9568,0.0000
247182.3204,437176.7112,0.0000
247181.6639,437177.4655,0.0000
247181.0074,437178.2198,0.0000
247180.3510,437178.9742,0.0000
247179.6945,437179.7285,0.0000
247179.0379,437180.4828,0.0000
247178.3814,437181.2371,0.0000
247177.7249,437181.9914,0.0000
247177.0684,437182.7457,0.0000
247176.4119,437183.5001,0.0000
247175.7554,437184.2544,0.0000
247175.0988,437185.0086,0.0000
247174.4422,437185.7629,0.0000
247173.7857,437186.5172,0.0000
247173.1291,437187.2714,0.0000
247172.4725,437188.0257,0.0000
247171.8159,437188.7799,0.0000
247171.1593,437189.5341,0.0000
247170.5026,437190.2883,0.0000
247169.8459,437191.0425,0.0000
247169.1892,437191.7966,0.0000
247168.5325,437192.5508,0.0000
247167.8758,437193.3049,0.0000
247167.2190,437194.0590,0.0000
247166.5622,437194.8130,0.0000
247165.9054,437195.5671,0.0000
247165.2485,437196.3211,0.0000
247164.5917,437197.0751,0.0000
247163.9347,437197.8291,0.0000
247163.2778,437198.5830,0.0000
247162.6208,437199.3369,0.0000
247161.9639,437200.0908,0.0000
247161.3069,437200.8447,0.0000
247160.6498,437201.5986,0.0000
247159.9928,437202.3524,0.0000
247159.3357,437203.1062,0.0000
247158.6786,437203.8601,0.0000
247158.0215,437204.6139,0.0000
247157.3644,437205.3676,0.0000
247156.7072,437206.1214,0.0000
247156.0501,437206.8752,0.0000
247155.3929,437207.6289,0.0000
247154.7358,437208.3827,0.0000
247154.0787,437209.1365,0.0000
247153.4215,437209.8903,0.0000
247152.7644,437210.6441,0.0000
247152.1073,437211.3979,0.0000
247151.4503,437212.1517,0.0000
247150.7932,437212.9056,0.0000
247150.1362,437213.6594,0.0000
247149.4792,437214.4133,0.0000
247148.8222,437215.1672,0.0000
247148.1653,437215.9212,0.0000
247147.5084,437216.6752,0.0000
247146.8516,437217.4292,0.0000
247146.1948,437218.1833,0.0000
247145.5380,437218.9374,0.0000
247144.8813,437219.6915,0.0000
247144.2246,437220.4457,0.0000
247143.5680,437221.1999,0.0000
247142.9114,437221.9542,0.0000
247142.2549,437222.7084,0.0000
247141.5984,437223.4628,0.0000
247140.9419,437224.2171,0.0000
247140.2855,437224.9715,0.0000
247139.6291,437225.7259,0.0000
247138.9727,437226.4804,0.0000
247138.3164,437227.2349,0.0000
247137.6601,437227.9894,0.0000
247137.0039,437228.7439,0.0000
247136.3476,437229.4985,0.0000
247135.6914,437230.2531,0.0000
247135.0353,437231.0077,0.0000
247134.3791,437231.7623,0.0000
247133.7230,437232.5170,0.0000
247133.0669,437233.2716,0.0000
247132.4109,437234.0264,0.0000
247131.7548,437234.7811,0.0000
247131.0989,437235.5359,0.0000
247130.4429,437236.2907,0.0000
247129.7870,437237.0456,0.0000
247129.1312,437237.8005,0.0000
247128.4754,437238.5554,0.0000
247127.8196,437239.3104,0.0000
247127.1639,437240.0654,0.0000
247126.5083,437240.8204,0.0000
247125.8527,437241.5756,0.0000
247125.1972,437242.3307,0.0000
247124.5417,437243.0860,0.0000
247123.8863,437243.8413,0.0000
247123.2310,437244.5966,0.0000
247122.5758,437245.3521,0.0000
247121.9206,437246.1076,0.0000
247121.2656,437246.8631,0.0000
247120.6106,437247.6188,0.0000
247119.9557,437248.3745,0.0000
247119.3009,437249.1303,0.0000
247118.6462,437249.8862,0.0000
247117.9916,437250.6422,0.0000
247117.3371,437251.3983,0.0000
247116.6828,437252.1544,0.0000
247116.0285,437252.9107,0.0000
247115.3744,437253.6671,0.0000
247114.7203,437254.4235,0.0000
247114.0664,437255.1801,0.0000
247113.4126,437255.9368,0.0000
247112.7590,437256.6936,0.0000
247112.1055,437257.4506,0.0000
247111.4522,437258.2076,0.0000
247110.7990,437258.9648,0.0000
247110.1460,437259.7222,0.0000
247109.4932,437260.4797,0.0000
247108.8406,437261.2374,0.0000
247108.1881,437261.9952,0.0000
247107.5358,437262.7532,0.0000
247106.8838,437263.5113,0.0000
247106.2319,437264.2697,0.0000
247105.5803,437265.0282,0.0000
247104.9289,437265.7870,0.0000
247104.2777,437266.5459,0.0000
247103.6268,437267.3050,0.0000
247102.9761,437268.0644,0.0000
247102.3257,437268.8239,0.0000
247101.6755,437269.5837,0.0000
247101.0255,437270.3437,0.0000
247100.3759,437271.1039,0.0000
247099.7265,437271.8644,0.0000
247099.0774,437272.6251,0.0000
247098.4286,437273.3861,0.0000
247097.7801,437274.1473,0.0000
247097.1319,437274.9088,0.0000
247096.4840,437275.6705,0.0000
247095.8365,437276.4325,0.0000
247095.1892,437277.1948,0.0000
247094.5423,437277.9573,0.0000
247093.8957,437278.7202,0.0000
247093.2494,437279.4833,0.0000
247092.6036,437280.2467,0.0000
247091.9580,437281.0105,0.0000
247091.3128,437281.7745,0.0000
247090.6680,437282.5388,0.0000
247090.0236,437283.3035,0.0000
247089.3796,437284.0686,0.0000
247088.7360,437284.8339,0.0000
247088.0928,437285.5996,0.0000
247087.4500,437286.3656,0.0000
247086.8076,437287.1320,0.0000
247086.1656,437287.8987,0.0000
247085.5241,437288.6658,0.0000
247084.8829,437289.4332,0.0000
247084.2422,437290.2010,0.0000
247083.6019,437290.9691,0.0000
247082.9620,437291.7376,0.0000
247082.3226,437292.5064,0.0000
247081.6836,437293.2756,0.0000
247081.0450,437294.0452,0.0000
247080.4068,437294.8151,0.0000
247079.7691,437295.5853,0.0000
247079.1318,437296.3559,0.0000
247078.4949,437297.1269,0.0000
247077.8584,437297.8982,0.0000
247077.2223,437298.6698,0.0000
247076.5866,437299.4417,0.0000
247075.9514,437300.2140,0.0000
247075.3165,437300.9867,0.0000
247074.6821,437301.7596,0.0000
247074.0480,437302.5329,0.0000
247073.4144,437303.3065,0.0000
247072.7811,437304.0805,0.0000
247072.1483,437304.8548,0.0000
247071.5158,437305.6294,0.0000
247070.8837,437306.4043,0.0000
247070.2521,437307.1795,0.0000
247069.6208,437307.9551,0.0000
247068.9900,437308.7310,0.0000
247068.3596,437309.5073,0.0000
247067.7295,437310.2838,0.0000
247067.0999,437311.0607,0.0000
247066.4707,437311.8380,0.0000
247065.8419,437312.6155,0.0000
247065.2135,437313.3935,0.0000
247064.5856,437314.1717,0.0000
247063.9581,437314.9503,0.0000
247063.3310,437315.7293,0.0000
247062.7043,437316.5085,0.0000
247062.0781,437317.2882,0.0000
247061.4523,437318.0682,0.0000
247060.8269,437318.8485,0.0000
247060.2020,437319.6292,0.0000
247059.5775,437320.4102,0.0000
247058.9535,437321.1916,0.0000
247058.3299,437321.9734,0.0000
247057.7067,437322.7555,0.0000
247057.0840,437323.5379,0.0000
247056.4618,437324.3207,0.0000
247055.8400,437325.1039,0.0000
247055.2187,437325.8875,0.0000
247054.5978,437326.6714,0.0000
247053.9774,437327.4557,0.0000
247053.3575,437328.2403,0.0000
247052.7380,437329.0254,0.0000
247052.1191,437329.8108,0.0000
247051.5006,437330.5967,0.0000
247050.8827,437331.3829,0.0000
247050.2652,437332.1694,0.0000
247049.6482,437332.9564,0.0000
247049.0318,437333.7439,0.0000
247048.4159,437334.5317,0.0000
247047.8005,437335.3199,0.0000
247047.1857,437336.1086,0.0000
247046.5714,437336.8976,0.0000
247045.9576,437337.6871,0.0000
247045.3445,437338.4771,0.0000
247044.7318,437339.2674,0.0000
247044.1197,437340.0582,0.0000
247043.5082,437340.8495,0.0000
247042.8973,437341.6412,0.0000
247042.2870,437342.4333,0.0000
247041.6773,437343.2259,0.0000
247041.0681,437344.0190,0.0000
247040.4596,437344.8125,0.0000
247039.8517,437345.6065,0.0000
247039.2443,437346.4010,0.0000
247038.6376,437347.1959,0.0000
247038.0315,437347.9913,0.0000
247037.4260,437348.7871,0.0000
247036.8211,437349.5834,0.0000
247036.2168,437350.3802,0.0000
247035.6132,437351.1775,0.0000
247035.0102,437351.9752,0.0000
247034.4078,437352.7734,0.0000
247033.8060,437353.5721,0.0000
247033.2049,437354.3712,0.0000
247032.6044,437355.1708,0.0000
247032.0045,437355.9709,0.0000
247031.4052,437356.7714,0.0000
247030.8066,437357.5725,0.0000
247030.2086,437358.3739,0.0000
247029.6112,437359.1759,0.0000
247029.0144,437359.9783,0.0000
247028.4182,437360.7812,0.0000
247027.8227,437361.5845,0.0000
247027.2277,437362.3882,0.0000
247026.6334,437363.1925,0.0000
247026.0397,437363.9971,0.0000
247025.4465,437364.8022,0.0000
247024.8540,437365.6078,0.0000
247024.2620,437366.4137,0.0000
247023.6706,437367.2201,0.0000
247023.0798,437368.0269,0.0000
247022.4895,437368.8341,0.0000
247021.8998,437369.6417,0.0000
247021.3107,437370.4498,0.0000
247020.7221,437371.2582,0.0000
247020.1340,437372.0670,0.0000
247019.5465,437372.8762,0.0000
247018.9595,437373.6858,0.0000
247018.3730,437374.4957,0.0000
247017.7870,437375.3061,0.0000
247017.2016,437376.1168,0.0000
247016.6167,437376.9279,0.0000
247016.0323,437377.7393,0.0000
247015.4484,437378.5512,0.0000
247014.8650,437379.3634,0.0000
247014.2822,437380.1760,0.0000
247013.6999,437380.9890,0.0000
247013.1181,437381.8023,0.0000
247012.5369,437382.6161,0.0000
247011.9562,437383.4302,0.0000
247011.3761,437384.2447,0.0000
247010.7965,437385.0597,0.0000
247010.2176,437385.8750,0.0000
247009.6392,437386.6908,0.0000
247009.0614,437387.5070,0.0000
247008.4843,437388.3236,0.0000
247007.9077,437389.1407,0.0000
247007.3318,437389.9582,0.0000
247006.7565,437390.7761,0.0000
247006.1819,437391.5945,0.0000
247005.6079,437392.4134,0.0000
247005.0345,437393.2327,0.0000
247004.4619,437394.0525,0.0000
247003.8900,437394.8728,0.0000
247003.3187,437395.6936,0.0000
247002.7482,437396.5149,0.0000
247002.1783,437397.3366,0.0000
247001.6091,437398.1588,0.0000
247001.0406,437398.9815,0.0000
247000.4729,437399.8047,0.0000
246999.9058,437400.6284,0.0000
246999.3394,437401.4525,0.0000
246998.7737,437402.2771,0.0000
246998.2087,437403.1022,0.0000
246997.6444,437403.9277,0.0000
246997.0807,437404.7538,0.0000
246996.5178,437405.5802,0.0000
246995.9554,437406.4071,0.0000
246995.3937,437407.2345,0.0000
246994.8327,437408.0623,0.0000
246994.2723,437408.8905,0.0000
246993.7125,437409.7192,0.0000
246993.1533,437410.5482,0.0000
246992.5948,437411.3777,0.0000
246992.0368,437412.2075,0.0000
246991.4794,437413.0378,0.0000
246990.9227,437413.8685,0.0000
246990.3664,437414.6995,0.0000
246989.8108,437415.5309,0.0000
246989.2557,437416.3627,0.0000
246988.7011,437417.1948,0.0000
246988.1472,437418.0274,0.0000
246987.5938,437418.8603,0.0000
246987.0409,437419.6935,0.0000
246986.4886,437420.5272,0.0000
246985.9368,437421.3612,0.0000
246985.3856,437422.1955,0.0000
246984.8349,437423.0303,0.0000
246984.2848,437423.8653,0.0000
246983.7352,437424.7008,0.0000
246983.1862,437425.5366,0.0000
246982.6377,437426.3728,0.0000
246982.0898,437427.2093,0.0000
246981.5425,437428.0462,0.0000
246980.9957,437428.8835,0.0000
246980.4495,437429.7211,0.0000
246979.9038,437430.5591,0.0000
246979.3587,437431.3975,0.0000
246978.8142,437432.2363,0.0000
246978.2703,437433.0754,0.0000
246977.7269,437433.9149,0.0000
246977.1842,437434.7548,0.0000
246976.6420,437435.5950,0.0000
246976.1003,437436.4357,0.0000
246975.5593,437437.2766,0.0000
246975.0188,437438.1180,0.0000
246974.4789,437438.9597,0.0000
246973.9396,437439.8018,0.0000
246973.4008,437440.6443,0.0000
246972.8627,437441.4871,0.0000
246972.3251,437442.3303,0.0000
246971.7881,437443.1739,0.0000
246971.2516,437444.0179,0.0000
246970.7158,437444.8622,0.0000
246970.1805,437445.7068,0.0000
246969.6458,437446.5519,0.0000
246969.1117,437447.3973,0.0000
246968.5781,437448.2431,0.0000
246968.0451,437449.0892,0.0000
246967.5127,437449.9357,0.0000
246966.9809,437450.7825,0.0000
246966.4496,437451.6297,0.0000
246965.9190,437452.4773,0.0000
246965.3889,437453.3253,0.0000
246964.8594,437454.1736,0.0000
246964.3305,437455.0223,0.0000
246963.8022,437455.8713,0.0000
246963.2744,437456.7207,0.0000
246962.7473,437457.5705,0.0000
246962.2207,437458.4206,0.0000
246961.6947,437459.2711,0.0000
246961.1693,437460.1220,0.0000
246960.6445,437460.9732,0.0000
246960.1203,437461.8248,0.0000
246959.5967,437462.6767,0.0000
246959.0737,437463.5290,0.0000
246958.5512,437464.3817,0.0000
246958.0293,437465.2347,0.0000
246957.5081,437466.0881,0.0000
246956.9874,437466.9419,0.0000
246956.4672,437467.7960,0.0000
246955.9477,437468.6504,0.0000
246955.4287,437469.5052,0.0000
246954.9104,437470.3604,0.0000
246954.3926,437471.2159,0.0000
246953.8753,437472.0717,0.0000
246953.3587,437472.9279,0.0000
246952.8426,437473.7844,0.0000
246952.3271,437474.6413,0.0000
246951.8122,437475.4986,0.0000
246951.2978,437476.3561,0.0000
246950.7840,437477.2141,0.0000
246950.2708,437478.0723,0.0000
246949.7582,437478.9309,0.0000
246949.2461,437479.7899,0.0000
246948.7346,437480.6492,0.0000
246948.2237,437481.5088,0.0000
246947.7134,437482.3688,0.0000
246947.2036,437483.2291,0.0000
246946.6945,437484.0898,0.0000
246946.1859,437484.9508,0.0000
246945.6778,437485.8121,0.0000
246945.1704,437486.6738,0.0000
246944.6635,437487.5358,0.0000
246944.1573,437488.3982,0.0000
246943.6516,437489.2609,0.0000
246943.1465,437490.1240,0.0000
246942.6419,437490.9874,0.0000